X =
           1        0.5       0.25      0.125
           1        0.2       0.04      0.008
           1        1.2       1.44      1.728
           1        2.9       8.41      24.39
           1        3.4      11.56       39.3
           1        2.4       5.76      13.82
           1        4.4      19.36      85.18
           1        4.5      20.25      91.12
           1        4.9      24.01      117.6
           1        3.3      10.89      35.94

A = X'X =
          10       27.7        102      409.3
        27.7        102      409.3       1720
         102      409.3       1720       7452
       409.3       1720       7452  3.303e+04

X'y =
        64.2
       202.9
         774
        3157

L =
       3.162          0          0          0
        8.76      5.024          0          0
       32.25      25.24      6.533          0
       129.4      116.6      51.27      6.785

b =
       3.17931135491511
       1.52053644604638
    -0.0313145418352099
     -0.015927826349892

