X =
           1        0.5       0.25      0.125     0.0625
           1        0.2       0.04      0.008     0.0016
           1        1.2       1.44      1.728      2.074
           1        2.9       8.41      24.39      70.73
           1        3.4      11.56       39.3      133.6
           1        2.4       5.76      13.82      33.18
           1        4.4      19.36      85.18      374.8
           1        4.5      20.25      91.12      410.1
           1        4.9      24.01      117.6      576.5
           1        3.3      10.89      35.94      118.6

A = X'X =
          10       27.7        102      409.3       1720
        27.7        102      409.3       1720       7452
         102      409.3       1720       7452  3.303e+04
       409.3       1720       7452  3.303e+04  1.488e+05
        1720       7452  3.303e+04  1.488e+05   6.79e+05

X'y =
        64.2
       202.9
         774
        3157
   1.339e+04

L =
       3.162          0          0          0          0
        8.76      5.024          0          0          0
       32.25      25.24      6.533          0          0
       129.4      116.6      51.27      6.785          0
       543.8      535.2      303.4      68.55      8.958

b =
        2.93113275
       2.527478368
     -0.9255973871
      0.2592233824
    -0.02723416145

