X =
           1        0.5       0.25      0.125     0.0625    0.03125
           1        0.2       0.04      0.008     0.0016    0.00032
           1        1.2       1.44      1.728      2.074      2.488
           1        2.9       8.41      24.39      70.73      205.1
           1        3.4      11.56       39.3      133.6      454.4
           1        2.4       5.76      13.82      33.18      79.63
           1        4.4      19.36      85.18      374.8       1649
           1        4.5      20.25      91.12      410.1       1845
           1        4.9      24.01      117.6      576.5       2825
           1        3.3      10.89      35.94      118.6      391.4

A = X'X =
          10       27.7        102      409.3       1720       7452
        27.7        102      409.3       1720       7452  3.303e+04
         102      409.3       1720       7452  3.303e+04  1.488e+05
       409.3       1720       7452  3.303e+04  1.488e+05   6.79e+05
        1720       7452  3.303e+04  1.488e+05   6.79e+05  3.127e+06
        7452  3.303e+04  1.488e+05   6.79e+05  3.127e+06  1.451e+07

X'y =
        64.2
       202.9
         774
        3157
   1.339e+04
    5.84e+04

L =
       3.162          0          0          0          0          0
        8.76      5.024          0          0          0          0
       32.25      25.24      6.533          0          0          0
       129.4      116.6      51.27      6.785          0          0
       543.8      535.2      303.4      68.55      8.958          0
        2357       2465       1624      481.6      117.4      10.61

b =
       3.30228541814847
      0.548539655908054
       1.69849468757705
      -1.06262658273925
      0.254666767818707
    -0.0215023425193479

